1.899222401943199756e+01
7.580080261159402255e+01
2.270529497255498441e+01
1.742439058255197537e+01
1.161552049229328176e+01
4.442517809556464670e+01
2.024324077710164715e+01
2.549526596279669022e+01
-5.942389618332678936e+01
1.083569721212412951e+01
1.458463931965143701e+01
6.944187401592573750e+00
-3.207731280525970163e+01
4.897161780635607187e+01
-6.706979684767111927e+00
5.229035680056733781e+01
3.858969234234843526e+01
2.612615737486275691e+01
5.748828894187657568e+01
-4.525843591615531381e+01
-3.384595656870020264e+01
-5.469508722305068460e+00
1.765674337135498462e+01
-4.843937893176195786e+01
-4.615619944090180837e+01
-5.461478467109800761e+01
-3.812479213948979861e+01
4.198434475062791904e+01
3.873521012936021890e+01
-1.456952691867914851e+01
-1.836696569771335774e+01
-8.741697563333332255e+00
4.457871446651552105e+00
1.140041548097879165e+00
2.165867053752845273e+00
-6.749909245494716714e+00
-1.542270041167017602e+01
-1.922068426220408099e+01
-5.768847714308594554e+00
-2.232015425288864918e+01
-1.669236397905269698e+01
-1.523804766499484664e+01
-1.656814482529997079e+01
-9.045826252360779307e+00
