9.588083450610294101e-01
2.908965252881959174e+00
9.159613355446756255e-01
9.081630991862498226e-01
9.718113725624817345e-01
1.245934291871142241e+00
1.205709301409926493e+00
1.287147334809513710e+00
9.778775508737129751e-01
7.818758642920555779e-01
7.517981544190945886e-01
1.129492331209655864e+00
8.452713178111923575e-01
8.531918410192076418e-01
8.676181898094613709e-01
1.210111121527585709e+00
9.594797430828216900e-01
9.768670073113476793e-01
1.339079454561602045e+00
1.012318169190780770e+00
1.236578076588932484e+00
1.101775870712349725e+00
1.109568843116058856e+00
1.118114682296766915e+00
1.122328393615780628e+00
1.100777056672876952e+00
1.105550919078998273e+00
1.169786472768884922e+00
1.154836551676913903e+00
1.103317725659553439e+00
1.131765703700088777e+00
1.153191561427482359e+00
1.140133661404526544e+00
1.162952559817170384e+00
1.136005564271300283e+00
1.603408166338793572e+00
1.132965596255059548e+00
1.116348726216883636e+00
1.103266134587782110e+00
1.157654858998703684e+00
1.124798629703809949e+00
1.072128484406743798e+00
1.114387748611336049e+00
1.083030737425767720e+00
