2.033096776259283089e+00
3.131684100018378381e+00
2.078656362633330978e+00
2.943959405439747989e+00
2.328262171637268896e+00
2.935999766916866704e+00
2.836355716632567692e+00
2.933609981107656139e+00
-1.330689101403313046e+01
4.199490341215673439e+00
3.477541211406138366e+00
1.908049424664253202e+00
-1.128984440579384163e+01
3.576227219086492326e+00
-4.570710191781042653e+00
1.641872897627211003e+00
-1.235111875369388823e+00
-3.179368464453273369e+00
1.746210547394011492e+00
-8.036396107595290772e+00
-8.187388841781695348e+00
2.660036872348459980e+00
1.960153897470236828e+00
-6.880523686004723416e+00
-6.090832202844493892e+00
-7.151921593866974902e+00
-7.252676582972302555e+00
4.074293653461091402e+00
5.649212375173002343e+00
-5.742302468200451315e+00
-4.913800767298862837e+00
-5.164141061466782645e+00
3.651162001525209533e+00
3.651067683872621039e+00
2.684845465441262569e+00
-9.606771098498700923e-01
8.720721333073067072e-01
8.425155946146225538e-01
5.589092206263454266e+00
5.122404424887123220e+00
5.709747266978754787e+00
4.424439313551275177e+00
3.900798986048334527e+00
4.680167143369542870e+00
