2.384844206117991972e-01
6.777898130763074791e-01
2.244173004146824413e-01
2.227662764520046412e-01
2.185250741291835663e-01
2.870009631649161896e-01
2.845797385940019852e-01
2.976214420946243222e-01
2.267094052576151264e-01
1.863061668524015058e-01
1.770510162481179206e-01
2.639945222367204303e-01
2.026970618440404881e-01
2.089289824699879783e-01
2.021143472739541369e-01
2.897651085772424695e-01
2.269262455354308927e-01
2.259481457522458103e-01
3.153705956734910165e-01
2.378307176473866968e-01
2.888764547926636617e-01
2.698719211431100939e-01
2.678464044818378298e-01
2.686071564936152178e-01
2.624009404575652349e-01
2.694323968744945508e-01
2.688242401952938843e-01
2.790282977118433982e-01
2.802714730522881115e-01
2.688198630785795795e-01
2.736807394141417826e-01
2.700157800198052516e-01
2.583561500244142550e-01
2.745594863739643787e-01
2.711542934299711050e-01
3.591557168455516424e-01
2.707052842148825467e-01
2.637439274124316335e-01
2.689087288804337117e-01
2.704022096560186328e-01
2.755027080704523512e-01
2.648715868553859210e-01
2.771735074625485407e-01
2.720275748258859649e-01
