-3.033249187231392696e+00
1.944663758024293365e+00
-4.115295242736343617e+00
-3.373812803027161245e+00
-3.396213190271284432e+00
-9.474213224283680290e+00
-8.816406236201626001e+00
-9.291319115276918339e+00
1.313009338989168917e+01
-4.270208264206968529e+00
-2.827313780174319113e+00
-8.562473198411533204e-01
1.118041545299491979e+01
-3.117038494760844713e+00
6.654824195828481948e+00
1.951674802068597891e+00
1.529587593669972101e+00
4.962040624252148646e+00
8.597100102666370702e-01
4.803507832972647051e+00
4.671202693065447775e+00
-4.507378447423546319e+00
-3.313828122942407362e+00
4.981096394432491969e+00
5.097450361718538936e+00
4.650724557223193223e+00
4.884609994796996091e+00
-4.020739646561503733e+00
-5.163278204268920035e+00
5.574314173538391870e+00
6.119429964121441579e+00
5.242048891648452447e+00
-1.810566976437780751e+00
-1.747701039607983731e+00
-2.577684880825230174e+00
-5.006751641771232109e-01
-9.539693770525490280e-01
-1.341667070686941132e+00
-6.781169864707645267e+00
-7.847430878171822499e+00
-7.702611623846914668e+00
-3.163878698960746139e+00
-2.692158561568486430e+00
-3.281809448723848277e+00
