1.824454260184819887e+01
1.647119694574915982e+01
1.215493283836338279e+01
1.468965886469799997e+01
1.343384399435779386e+01
2.670042399457591031e+01
2.294310843433377656e+01
2.144536486685487375e+01
-3.173599714197901278e+01
1.661656093260286227e+01
1.075689081762953947e+01
9.370636563648604422e+00
-3.192979832142326302e+01
7.554924337817245927e-01
-1.987713141495172309e+01
-8.429882954047595689e+00
-7.815090292901618163e+00
-7.485315162703609637e+00
-6.862723240037981398e+00
-2.074643624470873249e+01
-2.186914544773047453e+01
-7.299514108745963625e-01
-3.853872861557189111e+00
-1.720932461866776819e+01
-1.364188123177081735e+01
-1.145683394040321446e+01
-1.878706454295732442e+01
2.021730650689100628e+01
1.827237174616900717e+01
-7.218102616175874786e+00
-1.203813877416288491e+01
-7.487774543175509834e+00
7.750032064689705180e+00
3.726016751051071552e+00
4.923676309049803024e+00
5.642225829949375715e+00
-6.394648831438072278e-01
-9.715685577272981099e-01
-9.421378027370863606e-01
-1.049098319987924022e+00
2.444546075093349202e+00
1.125102868460790617e+01
8.551135143622644819e+00
6.292854323153168394e+00
