2.516280052491968733e-01
7.286309856196006018e-01
2.381645071836192007e-01
2.471519934486575698e-01
2.325642054689856519e-01
3.161120712666792287e-01
3.077079950019055432e-01
3.126042587403730089e-01
2.407208467612161895e-01
1.975487602318601044e-01
2.001367941645017801e-01
2.762211483401962875e-01
2.255868097840612041e-01
2.206108263128648550e-01
2.151030727977656654e-01
3.124138488714691686e-01
2.455319613283797608e-01
2.314856451865870968e-01
3.434144514908732404e-01
2.445647280409895541e-01
3.121731936377122874e-01
2.910102782284499368e-01
2.790239995454856792e-01
2.802355451521356122e-01
2.834895648793234746e-01
2.856537388127490806e-01
2.812926818766988135e-01
2.987215063885778621e-01
2.994950505432973364e-01
2.834357931751033122e-01
2.795217845932354561e-01
2.811392707095936028e-01
2.801667194356872170e-01
2.801659090508404337e-01
2.682211523274937726e-01
3.726481740075539006e-01
2.827719850019302372e-01
2.785580931402583116e-01
2.923830283705722843e-01
3.064928133500509078e-01
3.005190254668707039e-01
2.754013439894677506e-01
2.743409373118849692e-01
2.890088363542769878e-01
