3.461152238189840746e-01
1.076372007908401818e+00
3.522367348350791127e-01
3.531576411164062401e-01
3.400535521451191201e-01
4.593565738758210171e-01
4.594103195491378022e-01
4.800307578148781396e-01
3.577671314950243708e-01
3.027246900415593855e-01
2.878008917563271707e-01
4.332193745000502139e-01
3.221694989555716759e-01
3.296043182293564300e-01
3.278914285611791990e-01
4.739243623081793033e-01
3.646268640486873269e-01
3.657114782882501802e-01
5.112050089420193677e-01
3.755073958512786803e-01
4.672476048797023496e-01
4.265443870616893451e-01
4.236330864353838321e-01
4.199079081903686617e-01
4.245896955327023159e-01
4.248259308502643772e-01
4.354696696070250450e-01
4.444458733321938193e-01
4.450445841952597181e-01
4.340213399749855983e-01
4.305633497633421514e-01
4.241585045396816800e-01
4.240318982710538642e-01
4.279811058166218540e-01
4.356657154998346826e-01
5.783527484517211326e-01
4.240520956156680343e-01
4.304658773062938759e-01
4.384234830599103572e-01
4.426013354331117533e-01
4.569365268710564587e-01
4.290091817833519561e-01
4.228238339912568367e-01
4.240448215645153396e-01
