3.011885086964926295e+00
9.178938804888737479e+00
2.895529782430962928e+00
2.941350489630801146e+00
2.870415770431065994e+00
4.069789797542807008e+00
3.981953450309469122e+00
4.306099320451522772e+00
2.997494579353420452e+00
2.502687203705793451e+00
2.526540825494945519e+00
3.532182100976429595e+00
2.864992329247130876e+00
2.671270035400103549e+00
2.882474735209598737e+00
3.979998675644466744e+00
3.376692840512610871e+00
3.230635672241585432e+00
4.357268150588981648e+00
3.048290421558527807e+00
3.610508455333692801e+00
3.461371986724397054e+00
3.399740369544707708e+00
3.344079087135031436e+00
3.452826055199073263e+00
3.638286330832089188e+00
3.340479300714768396e+00
3.730122016107091820e+00
3.784087649157905631e+00
3.681088148125775561e+00
3.720525249342952812e+00
3.715173188787926684e+00
3.812985086605299223e+00
3.823351650412887714e+00
3.634794292398739302e+00
4.778168516529334831e+00
3.757305441320976769e+00
3.720938200866646728e+00
3.714974415688597542e+00
3.622139005750023344e+00
3.703322741105247395e+00
3.508313635501301153e+00
3.479954481730247018e+00
3.552865075023600383e+00
