-1.824093582012260351e+00
-3.788677142280749699e+00
-4.783251808984156916e-01
-1.681060719754128741e+00
-1.150441601073402653e+00
3.503449099595776772e+00
3.695975355337539625e+00
4.231535154950819333e+00
-3.005990025360674167e-01
-1.544421043634673030e+00
-1.519959607110363820e+00
-1.686828350436458290e+00
-3.096502501055162782e-01
-1.179499135513918162e+00
-1.526036583580077544e+00
-1.639767996241992432e+00
-1.668021919634385952e-01
-2.017412698658990422e+00
-7.222044995187903993e-01
1.524943474485842998e+00
1.886449057138459118e+00
1.007306116603342794e+00
3.286265008870401516e-01
8.368196881315821400e-01
8.493089110829998845e-02
7.891229088131490599e-01
1.171945606005506235e+00
-1.729181029011167325e+00
-1.288127956051418277e+00
-1.084746011097559304e+00
-1.420437639116220119e+00
-1.064800269164895674e+00
-1.437748888306636275e+00
-1.145189892422181721e+00
-1.991027076505202942e-02
3.594038565219466186e-01
-3.544050143939181385e-02
4.410190971290216533e-01
2.434826428851723179e+00
3.578593803343509627e+00
2.887154561896603688e+00
-9.068041971352327479e-01
-6.993381408518786202e-01
-6.525082622978555236e-01
